      0/99     1.41G   0.09122   0.01918   0.09794    0.2083        23       416     0.015   0.00229 9.061e-06 2.343e-06   0.08405  0.009738    0.1209
      1/99     1.44G   0.08669   0.01947   0.09061    0.1968        15       416    0.1195  0.004643 2.656e-05 3.373e-06     0.079   0.01039   0.08898
      2/99     1.44G   0.08061   0.02074   0.08028    0.1816        18       416     0.262   0.03333  0.005732 0.0007442   0.07372   0.01157   0.08575
      3/99     1.44G   0.07773   0.02111   0.07087    0.1697        17       416    0.3596   0.07662  0.005025 0.0008639   0.07077   0.01128   0.08192
      4/99     1.44G   0.07506   0.02129    0.0637      0.16        16       416    0.6231   0.04824   0.01753  0.003371   0.07019   0.01135   0.07081
      5/99     1.44G   0.07335   0.02083   0.05769    0.1519        14       416    0.5139   0.07052   0.01477  0.003161   0.06848   0.01163   0.06932
      6/99     1.44G   0.07121   0.02083   0.05309    0.1451        15       416    0.8797   0.07334   0.05557   0.01199   0.06427   0.01239   0.06572
      7/99     1.44G   0.07016   0.02044   0.04789    0.1385        19       416    0.4177    0.1937     0.113   0.03024   0.06675   0.01184   0.05989
      8/99     1.44G   0.06805   0.02017   0.04436    0.1326        16       416    0.6508    0.1246    0.1256   0.02725    0.0621   0.01201   0.05672
      9/99     1.44G   0.06689   0.01973   0.04036     0.127        19       416    0.6882    0.1866    0.1524   0.04119   0.06184   0.01207   0.05869
     10/99     1.44G   0.06532   0.01937   0.03713    0.1218        21       416    0.6667     0.182    0.1473   0.03352   0.06246   0.01167   0.05196
     11/99     1.44G   0.06421   0.01886   0.03374    0.1168        15       416    0.7577    0.1814    0.2111   0.07035   0.06185   0.01216   0.05281
     12/99     1.44G   0.06314   0.01866   0.03075    0.1125        18       416    0.7263    0.1975     0.255   0.06499   0.05926     0.011   0.05217
     13/99     1.44G   0.06158   0.01848   0.02867    0.1087        16       416    0.7946    0.1596    0.2448   0.08595   0.05868   0.01137   0.05605
     14/99     1.44G   0.06038   0.01799    0.0263    0.1047        18       416    0.8749    0.1649    0.2811   0.08539   0.05724   0.01054   0.04938
     15/99     1.44G   0.05963   0.01792   0.02456    0.1021        21       416    0.6279    0.2668     0.302   0.09486   0.05902  0.009963   0.04681
     16/99     1.44G   0.05907   0.01745   0.02292   0.09945        13       416    0.6579    0.2512    0.3105    0.1049   0.05875   0.01026   0.04632
     17/99     1.44G   0.05826   0.01722    0.0218   0.09728        18       416    0.5827    0.3387    0.3964    0.1471   0.05607   0.01012   0.05036
     18/99     1.44G   0.05687   0.01728   0.02026   0.09441        22       416    0.7041    0.2404    0.3699    0.1221    0.0569   0.01015    0.0464
     19/99     1.44G   0.05592   0.01665   0.01849   0.09105        22       416    0.5121    0.3774    0.3991    0.1328   0.05749   0.01066   0.05208
     20/99     1.44G   0.05524   0.01654   0.01802   0.08981        18       416     0.453    0.4306    0.3924    0.1369   0.05689  0.009537   0.05083
     21/99     1.44G   0.05503   0.01628   0.01788   0.08919        22       416    0.4476    0.4864    0.4521    0.1764   0.05409  0.009468   0.04594
     22/99     1.44G   0.05401    0.0163    0.0169   0.08722        20       416    0.6979    0.3452    0.4426    0.1696   0.05549  0.009521   0.04644
     23/99     1.44G   0.05327   0.01593   0.01527   0.08448        19       416    0.6454    0.3906    0.4488    0.1792    0.0551  0.009681   0.04846
     24/99     1.44G    0.0525   0.01582   0.01505   0.08337        14       416    0.7861    0.3276    0.4816    0.1686    0.0569  0.009377   0.04902
     25/99     1.44G   0.05179   0.01566   0.01391   0.08135        14       416    0.6658    0.4185    0.4846    0.2044   0.05408  0.008991    0.0447
     26/99     1.44G   0.05138   0.01549   0.01304   0.07991        16       416    0.6732     0.439    0.5118    0.2233   0.05459   0.00896   0.04688
     27/99     1.44G   0.05097   0.01535   0.01304   0.07936        19       416    0.6245    0.4166    0.5138    0.2139   0.05433  0.009157   0.04744
     28/99     1.44G   0.04972   0.01512   0.01317   0.07801        26       416    0.8287    0.3978    0.5225    0.2188   0.05342  0.009197   0.04933
     29/99     1.44G   0.04883     0.015   0.01156   0.07539        22       416    0.8339    0.3749    0.5455    0.2129   0.05379  0.009452    0.0477
     30/99     1.44G   0.04854   0.01484   0.01134   0.07472        21       416    0.7348    0.4406    0.5788    0.2532    0.0528  0.009456   0.04429
     31/99     1.44G   0.04817   0.01471    0.0109   0.07377        17       416    0.6195    0.5028    0.5638    0.2415   0.05275  0.008794   0.04374
     32/99     1.44G    0.0474   0.01436   0.01049   0.07225        14       416    0.7502    0.4598    0.5759    0.2496   0.05357  0.008952   0.05001
     33/99     1.44G   0.04818   0.01434   0.01009   0.07261        23       416    0.5539    0.5108    0.5818    0.2647   0.05256  0.008596   0.04712
     34/99     1.44G   0.04693   0.01422   0.01009   0.07125        16       416    0.6571    0.5123    0.5582    0.2533    0.0522  0.009057   0.04681
     35/99     1.44G   0.04586    0.0141  0.009941   0.06989        22       416    0.7338      0.45    0.5892    0.2782   0.05132  0.008783   0.04701
     36/99     1.44G   0.04556   0.01397  0.008911   0.06845        17       416    0.7117    0.5394    0.6286    0.2884   0.04955  0.008991   0.04873
     37/99     1.44G   0.04527     0.014  0.009098   0.06836        20       416    0.6826    0.5354    0.6292    0.2966   0.04997  0.008703   0.04586
     38/99     1.44G   0.04451   0.01373  0.008668   0.06691        14       416    0.7565    0.5069    0.5854    0.2678    0.0501  0.008993   0.05264
     39/99     1.44G   0.04466   0.01354  0.008853   0.06705        15       416    0.7721    0.5198    0.6096    0.3029   0.04966  0.009007   0.04565
     40/99     1.44G   0.04389    0.0134  0.008272   0.06556        26       416    0.7113    0.5727    0.6306    0.2949   0.04909  0.008664   0.04462
     41/99     1.44G   0.04396    0.0133  0.008122   0.06539        11       416     0.706    0.5326    0.6124    0.2957   0.05163  0.008728   0.04636
     42/99     1.44G   0.04291   0.01347  0.007835   0.06421        17       416    0.7241    0.5496      0.63    0.3041   0.05118  0.008835   0.04802
     43/99     1.44G   0.04258   0.01312  0.007323   0.06302         8       416    0.7681    0.5284    0.6038    0.3175   0.05068  0.008634     0.047
     44/99     1.44G   0.04246   0.01288  0.007394   0.06273        17       416    0.7882    0.5313    0.6229    0.3303   0.05115  0.008364   0.04448
     45/99     1.44G   0.04202   0.01295  0.007152   0.06211        27       416    0.8332     0.556    0.6585    0.3516   0.05084  0.008567    0.0467
     46/99     1.44G   0.04158   0.01271   0.00709   0.06138        12       416    0.7094    0.5646    0.6327    0.3151   0.05012  0.008189   0.04231
     47/99     1.44G   0.04099   0.01276  0.006845   0.06059        17       416    0.6856    0.6034     0.643    0.3484   0.05096  0.008275   0.04472
     48/99     1.44G   0.04074   0.01276  0.006574   0.06008        22       416     0.753    0.5722    0.6208    0.3281   0.05025  0.008411   0.04332
     49/99     1.44G    0.0407   0.01286    0.0068   0.06036        19       416    0.7649    0.5876    0.6512     0.361   0.04971  0.008609   0.04171
     50/99     1.44G   0.03985    0.0125  0.006279   0.05863        24       416    0.7336    0.5964    0.6537    0.3543   0.04926  0.008687   0.04207
     51/99     1.44G   0.03924   0.01243   0.00618   0.05785        17       416    0.8047     0.564    0.6444    0.3396   0.04852  0.008829   0.04263
     52/99     1.44G   0.03921   0.01262  0.006175     0.058        14       416    0.8496    0.5334     0.609    0.3359   0.04901  0.008235   0.04037
     53/99     1.44G   0.03867   0.01222  0.005842   0.05673        19       416    0.7349    0.6197    0.6569    0.3549    0.0488  0.008257    0.0453
     54/99     1.44G   0.03865   0.01215  0.005474   0.05628        21       416    0.7384    0.5915    0.6376    0.3494   0.04805  0.008333   0.04483
     55/99     1.44G    0.0382   0.01208  0.005515   0.05579        16       416    0.7568    0.5928    0.6571     0.379   0.04823  0.008485   0.04217
     56/99     1.44G   0.03798   0.01199  0.005302   0.05527        20       416    0.8077    0.6088    0.6545    0.3659   0.04811  0.008496   0.04619
     57/99     1.44G    0.0381   0.01178  0.005271   0.05515        28       416    0.8564    0.5854    0.6495    0.3875   0.04863  0.008533   0.04596
     58/99     1.44G   0.03745    0.0118  0.005409   0.05466        21       416    0.7682    0.6202    0.6703     0.389    0.0485  0.008475   0.04283
     59/99     1.44G   0.03707   0.01175  0.004893   0.05372        19       416    0.8882    0.5816    0.6539    0.3795   0.04867  0.008109   0.04762
     60/99     1.44G   0.03638   0.01164  0.004824   0.05285        20       416    0.8024     0.616    0.6779    0.4024   0.04794  0.008014   0.04241
     61/99     1.44G   0.03666   0.01152  0.005038   0.05321        22       416    0.7937    0.6215    0.6588    0.4017   0.04835  0.008212   0.04365
     62/99     1.44G   0.03626   0.01159  0.004798   0.05264        13       416    0.8667    0.5789    0.6717    0.4112   0.04859  0.008199   0.04399
     63/99     1.44G   0.03579   0.01149  0.004625   0.05191        18       416    0.7621    0.6074    0.6573    0.4161   0.04932  0.007958   0.04293
     64/99     1.44G   0.03572   0.01138  0.004577   0.05168        18       416    0.8479    0.6034    0.6624     0.405   0.04778  0.008048   0.04671
     65/99     1.44G   0.03545   0.01117  0.004489   0.05111        20       416    0.8457     0.599    0.6822    0.4102   0.04749  0.008298   0.04455
     66/99     1.44G   0.03475   0.01126  0.004022   0.05003        19       416    0.8516    0.6423     0.683    0.4127   0.04795  0.008101   0.04657
     67/99     1.44G   0.03492   0.01111  0.004361   0.05039        17       416    0.8235    0.6375    0.6855    0.4273   0.04728  0.008426   0.04307
     68/99     1.44G   0.03407   0.01109  0.004005   0.04916        19       416    0.8277    0.6164    0.6561    0.4009   0.04752  0.008357   0.04535
     69/99     1.44G   0.03418   0.01092  0.003948   0.04904        18       416    0.8983    0.5787    0.6634    0.4113   0.04802  0.008025    0.0459
     70/99     1.44G   0.03391   0.01089  0.003701   0.04851        14       416    0.8094    0.6251    0.6605    0.4155   0.04709   0.00838   0.04591
     71/99     1.44G   0.03401   0.01081  0.004011   0.04883        19       416     0.843    0.6215    0.6843    0.4257   0.04612  0.008355   0.04107
     72/99     1.44G   0.03344   0.01084  0.003516   0.04779        26       416    0.8212    0.6414    0.6943    0.4293   0.04682  0.008378   0.04209
     73/99     1.44G   0.03319   0.01081  0.003766   0.04777        20       416    0.8782    0.6193    0.6802    0.4274   0.04715  0.008054   0.04219
     74/99     1.44G   0.03269   0.01069  0.003667   0.04705        13       416    0.8389    0.6252    0.6754    0.4259   0.04717  0.008179   0.04405
     75/99     1.44G   0.03229   0.01071  0.003603   0.04661        19       416    0.7325    0.6542    0.6723    0.4319    0.0471  0.008186   0.04252
     76/99     1.44G   0.03226   0.01051  0.003345   0.04611        13       416    0.7853    0.6557    0.6767    0.4351   0.04659  0.008356   0.04275
     77/99     1.44G   0.03188   0.01051  0.003403   0.04579        18       416    0.8551    0.6245    0.6886    0.4421   0.04573  0.008283   0.04498
     78/99     1.44G   0.03186    0.0103  0.003267   0.04543        17       416    0.8888     0.604    0.6744    0.4439    0.0465  0.008248   0.04582
     79/99     1.44G   0.03165   0.01024  0.003129   0.04502        16       416    0.8432    0.6402    0.6824    0.4441   0.04613  0.008311   0.04314
     80/99     1.44G   0.03141   0.01033  0.003257     0.045        12       416     0.861    0.6263     0.688    0.4536   0.04657  0.008238   0.04533
     81/99     1.44G   0.03147   0.01026  0.003197   0.04493        19       416    0.8399    0.6233    0.6802    0.4494   0.04689  0.008218   0.04341
     82/99     1.44G    0.0309    0.0103  0.003124   0.04432        20       416    0.8448    0.6241    0.6864    0.4399   0.04636  0.008184   0.04098
     83/99     1.44G   0.03078   0.01041  0.003128   0.04432        18       416    0.7818    0.6616    0.6877    0.4552   0.04677  0.007971   0.04251
     84/99     1.44G   0.03088   0.01021  0.002797   0.04389        17       416    0.7975    0.6321     0.693    0.4592   0.04677  0.007918   0.04279
     85/99     1.44G   0.03066   0.01009  0.003066   0.04381        15       416    0.8126    0.6417     0.683    0.4643   0.04676  0.007978   0.04446
     86/99     1.44G   0.03031   0.01006  0.002869   0.04323        25       416    0.8427    0.6417    0.6817    0.4587   0.04643  0.008097   0.04498
     87/99     1.44G   0.03044    0.0101  0.002726   0.04327        13       416    0.8593    0.6408    0.6906    0.4638   0.04649  0.008117     0.045
     88/99     1.44G   0.02973   0.01002   0.00278   0.04253        19       416    0.8178    0.6356    0.6898    0.4639   0.04615  0.008138   0.04591
     89/99     1.44G   0.02994  0.009959  0.002744   0.04265        21       416    0.8211    0.6427    0.6867    0.4633   0.04643  0.008089    0.0456
     90/99     1.44G   0.02955   0.01001  0.002769   0.04232        17       416    0.8342    0.6487    0.6948    0.4674   0.04608  0.008093   0.04454
     91/99     1.44G   0.02941  0.009915  0.002764   0.04209        18       416    0.8053    0.6389    0.6838    0.4576   0.04651  0.008161   0.04371
     92/99     1.44G   0.02918  0.009778  0.002486   0.04144        13       416    0.8302    0.6626    0.6973    0.4662   0.04599  0.008287   0.04616
     93/99     1.44G   0.02892  0.009828  0.002379   0.04112        17       416    0.8593     0.653    0.6978    0.4696    0.0458  0.008305   0.04588
     94/99     1.44G   0.02879  0.009881   0.00249   0.04116        28       416    0.8662    0.6472    0.6933     0.467    0.0454  0.008294   0.04722
     95/99     1.44G   0.02892  0.009781  0.002567   0.04127        20       416    0.8697    0.6467    0.6944    0.4672   0.04551  0.008292   0.04676
     96/99     1.44G   0.02895  0.009785  0.002439   0.04117        18       416    0.8884    0.6519    0.6975    0.4736   0.04568  0.008302   0.04606
     97/99     1.44G   0.02891  0.009739  0.002519   0.04117        16       416    0.8896    0.6478    0.6912    0.4723   0.04588  0.008246    0.0449
     98/99     1.44G   0.02876  0.009634   0.00242   0.04081        24       416    0.8973    0.6433    0.6895      0.47   0.04526  0.008389   0.04524
     99/99     1.44G    0.0286  0.009545  0.002297   0.04045        16       416    0.8951    0.6384    0.6834    0.4707   0.04536  0.008381   0.04501
